432.2768360027999 
454.1365369956424 
298.1918627517302 
341.9498708583352 
333.4924275664816 
396.22759450330346 
381.28346455275755 
406.6605631666059 
335.2137695096626 
393.5882124323847 
476.6007140843808 
294.27021940414386 
423.6494631755915 
390.7310586196716 
381.36301951807735 
399.95755369815726 
341.74336365328014 
448.3513562101485 
378.13454710728814 
481.62011586267425 
333.31996255188096 
439.81383676839613 
400.2710539723942 
403.71279980849164 
339.6351734613625 
396.05243284904816 
401.33372482486914 
479.99515675604437 
405.3204809499965 
359.51711750518075 
361.84096448485417 
377.78795418781425 
439.0785812841815 
385.3473417607407 
399.727087510138 
376.52580808615375 
349.24229143892677 
434.3266407660617 
389.4770949412224 
355.68453581154745 
431.5113036906732 
388.15701838184003 
319.27965990094526 
421.5592489106697 
429.1028212716978 
453.46332503562564 
439.2531814143532 
352.51165870415923 
425.18004327350275 
372.16971551883745 
386.005469934486 
429.75745969337163 
394.21066103894975 
390.947198140507 
392.97802014686823 
397.8608376617424 
366.70212134857843 
368.29236988658516 
332.4502080235268 
429.63402099013564 
339.24304971053203 
365.3242088595572 
392.6499495779327 
410.427747819015 
446.24570306850836 
361.0604649677773 
420.874573196523 
383.4669551694738 
376.30151378787156 
407.01943541132556 
375.57344918748913 
388.5822340207544 
336.83633134935246 
403.92672840991935 
389.63325033588467 
304.1202804206298 
409.7743892840382 
393.10672708621803 
356.43306023746044 
351.730283755942 
385.6783666553286 
345.8799559234314 
369.25972785420424 
385.4076874416669 
436.2186818202637 
371.94201890851696 
356.0969826447221 
405.2970756665346 
433.017675851958 
364.5192746170012 
373.08328542332663 
393.22723840023406 
384.4820226480128 
408.79275706436897 
432.12101158981955 
412.00606182102007 
379.9153606628604 
387.3742817412787 
385.1201860811831 
421.671984478223 
435.49440868552006 
352.21014450242103 
451.62445574461594 
420.07298686758264 
330.65742436993264 
333.2067399627612 
457.84538360370533 
352.79818982464235 
363.08389261552725 
359.9091320095281 
481.7510364960683 
431.878214688192 
363.27466223341213 
364.1065283487424 
242.81555618002494 
406.48336164945766 
375.9663139573481 
378.66778413572985 
294.5077408240843 
396.1326636764988 
401.8091008412988 
370.09440312061474 
254.6112281551491 
414.4372003191327 
367.49814995736256 
408.62198399569854 
369.75038903356585 
342.58165874694816 
341.38726037768606 
412.428081568241 
357.55322192595327 
347.3894964611389 
388.734149392862 
432.06445224274944 
345.31514168849037 
413.4535134790679 
383.61002192877527 
417.52259215090584 
318.1289137683305 
317.3407751170033 
308.3171723560781 
378.9339083266403 
396.6267255092057 
354.6371456908848 
390.57268238436353 
327.5805581160017 
383.94668744455737 
279.90815056583597 
377.436634646111 
358.61123641456874 
412.623140662893 
328.48112763958903 
418.1036271609872 
346.7393026399903 
348.59349629030845 
384.22011165581955 
399.88535932302887 
395.84635177622056 
368.31680328442866 
338.33689965926607 
302.81575462304 
377.81000051732696 
376.1768517996072 
383.1807634809633 
306.05499191421023 
379.86455308301953 
353.9321269568685 
436.44133028522464 
392.0674432074264 
372.814367115733 
392.1289685942519 
418.46435123269157 
374.433729106197 
389.1098234984562 
342.54726742479727 
334.2366138734323 
445.2525617383278 
347.0607879588696 
346.7118280732211 
322.2787936087165 
361.9848671695834 
351.9622766879861 
379.0049921351809 
334.1026454656817 
417.37018767558925 
403.8263143848493 
394.31383734022893 
369.5159936756906 
434.3608993613246 
442.57037336713165 
382.3127659805276 
440.80177709174774 
374.81125843806535 
420.6011250874832 
381.4178394794239 
421.0931527629721 
321.42637896905813 
404.6833921446764 
403.20759314903296 
370.99320638569594 
803.6981117141277 
859.2845403496838 
847.3816938006722 
877.2923839518938 
704.4361301919349 
927.67054393989 
773.9568886686163 
874.3308058492375 
916.5780882673142 
649.4220614055656 
783.3900577856735 
851.4247807253251 
749.6275352549683 
786.367543118816 
826.8734924781227 
682.4950497488021 
747.7330875693858 
777.6544386213583 
786.7331790412865 
904.3178458680566 
720.4498328800313 
845.772459387784 
729.546663200167 
677.9002879286533 
916.2940849181562 
729.1732075559438 
856.6128015609518 
844.4105209947221 
662.367040008503 
646.208994991467 
719.5433010200222 
690.1536535192828 
863.0924162158583 
846.3301216380814 
785.1923975821761 
687.5490815576256 
916.9535177456265 
830.827392908081 
881.2630394633231 
734.1979507856007 
803.6546747253072 
760.2504883817244 
832.1197457052438 
575.0051394722861 
841.7456843872038 
708.794934550876 
754.7721264322938 
713.1179962974595 
800.4658555065713 
730.585661459377 
890.3847082846461 
834.2544545480106 
635.2014235265829 
886.2593727251444 
799.3055773315883 
798.3889608981511 
743.3559225858404 
893.8224369707193 
773.8450574338893 
869.1650887813119 
955.5662488963 
795.4952066687584 
903.6336070189421 
732.317614743413 
896.5998318491964 
793.9895061281006 
756.6168705765499 
826.6326439393565 
711.8412663388434 
804.3787685026327 
745.605479948652 
913.2963391934977 
756.4689649366219 
759.5166933967499 
715.3952273251983 
779.2783209196228 
821.977563375784 
777.6887509249813 
741.2548704124039 
642.4314651731568 
728.7822150286352 
856.7160544620385 
832.9754920589186 
777.256925940078 
692.2975340983412 
583.8554710419958 
813.3221737347701 
759.3780032948388 
758.1128535154736 
867.5623105570511 
660.1169035109657 
831.8993915102529 
868.670996766109 
732.7226309009922 
674.3300506310334 
844.0196358453343 
873.8183657316873 
865.3702777148793 
776.8122241963138 
780.8468051925086 
807.4248386116983 
888.1341480557057 
826.2250929214475 
707.2810099352394 
943.4559607291064 
835.1437106288807 
845.1453174721335 
873.2647774754627 
835.0746248416943 
794.7040990794511 
713.3669991574556 
826.7170541984341 
785.6739059449196 
786.4056861129313 
712.7548499455199 
525.4828682785399 
705.7877615387581 
731.8287229118578 
828.2856199059144 
761.6294298102774 
759.5021931356089 
787.0804247665403 
945.6029012029991 
917.0352031214088 
839.2517735922353 
925.9900439872071 
851.6121611534647 
673.8504607593028 
865.5148065190465 
780.5265660868116 
826.21446293469 
701.4780813704803 
866.4800622960732 
803.7491688651747 
780.6842471062972 
783.3198615592254 
858.9503924017122 
957.9528589907164 
799.8987624751371 
595.9104125068196 
797.3818794369581 
658.7867736421905 
879.5436703327646 
802.7417966650625 
856.2702186255522 
736.4901663894855 
664.9407715783109 
868.8975955699218 
813.3902462451307 
888.2074863301516 
638.6718731835924 
823.248708541497 
771.3652773140568 
781.5097719829258 
727.7294914475297 
947.4410659627113 
704.717052858402 
723.723130055224 
648.2028694600613 
856.5306422086995 
927.9474183849438 
767.4236521521439 
931.7551286647902 
690.519843843438 
814.4431244598901 
794.0390255344763 
768.0873589133533 
762.1520899862877 
735.8994297462539 
810.3259042565926 
902.2947674541382 
746.702764268892 
712.3052179407645 
596.4366799120825 
786.3970529687606 
738.7105008275187 
654.6965076271373 
713.61782631514 
664.7361232587459 
863.2752278160903 
841.0517566863161 
740.2969735672812 
783.2089244276011 
883.4457419495052 
851.5993102185598 
989.6244863903203 
763.102168740645 
844.4903704544192 
944.7113404199688 
685.3640128029843 
739.5451373902335 
724.8555304483359 
768.4039719315654 
878.1408376923862 
802.5071502597956 
803.5072538515362 
728.47941241988 
763.0571880385788 
717.1289419617785 
928.1952710681803 
49.76941455962842 
57.57701198163653 
54.77275272746282 
51.80897352648311 
55.2687087375013 
54.82020641308842 
50.252712185176435 
42.03577262190912 
48.62447667767876 
43.08093654826223 
44.83648876195092 
53.59143879115646 
56.033624376955366 
50.27340900142944 
49.033693942147934 
55.66879690031249 
48.83682693737872 
60.208883580312744 
49.08687064215581 
49.4381697612681 
44.2470683423404 
57.08048318437619 
52.64039671334101 
49.288406673883266 
47.57337066645865 
53.63610232570745 
49.76099727478127 
52.727382450361446 
52.427067224202816 
46.327929480864015 
52.74368752360556 
47.19089304396027 
50.71771154425783 
52.46161143585331 
52.741708849604734 
47.873018516799945 
45.61874302516404 
58.79990826333004 
55.604057438411296 
55.35756043750278 
54.44353015170763 
56.59100990198995 
47.1430648995346 
52.138793177298886 
48.170495230956796 
49.547818015692435 
48.718128340081 
49.866856247425744 
46.66161923666447 
53.22488474462359 
54.19344763352286 
49.547612918838 
49.61156933757271 
57.78152167874222 
49.69078019824169 
51.54229377996887 
43.07676244384537 
56.320817927296495 
50.31441951833055 
53.50785266993357 
48.321974694593095 
49.95538606552492 
53.551846204298876 
48.034602005679595 
52.38724768990654 
52.61258243002758 
43.996198672389205 
57.7553748197733 
56.40095196271532 
53.30774199488206 
55.13787444018902 
52.358399773106676 
43.791680555791274 
35.83538233382073 
47.35935374216529 
54.470657411913706 
44.14084600309709 
54.05914414281665 
46.71295983837303 
56.51006384324499 
50.22156269815157 
52.05982210038463 
52.573592159272266 
53.20187456826525 
49.06933580866322 
52.23151955328404 
54.485889240580775 
57.81558353180594 
57.85141399086578 
54.6201493577709 
49.79468866665777 
51.60842879746026 
58.77605828479803 
48.620976854670396 
51.18439939321818 
53.83804955511877 
54.24905353523104 
54.484242859324226 
57.36511429732327 
51.6889116330547 
48.68812260720496 
49.50613838682593 
44.1820397050453 
53.750706364111224 
56.055757504147905 
55.13606315767135 
54.08261982059118 
58.164090694780285 
44.57425084114557 
51.049249284220764 
45.48019385752653 
52.61209815385519 
52.28065415711394 
54.98152160529649 
43.531764842198356 
46.01778523991104 
60.24481430243743 
50.53655133942731 
53.71476255696306 
54.46402852042846 
47.054219551358536 
45.89780133661086 
57.369495120098826 
53.825846404460634 
47.685162238517584 
60.18105658901528 
44.28156036532476 
46.925013871410385 
55.12429647103526 
47.308690150987715 
57.29881045382809 
54.63494661694445 
55.67629866922084 
56.12008744062438 
49.04332244854007 
52.811165425133815 
52.91540607144734 
45.69834392102749 
50.24155767613091 
53.7650763154996 
41.5284281290066 
58.48599767388438 
55.06167550150961 
51.26142469313938 
58.67208705835341 
50.992961197759485 
41.33554077283265 
47.565047523887245 
51.595204325833066 
47.062086393581026 
52.56468691825672 
58.30313775112781 
48.486584579732295 
48.033186834970984 
54.84161465128094 
45.57894360449356 
47.35423677918183 
60.37868325049106 
56.13256649757784 
43.79881797355177 
56.5865294209801 
48.713894835880986 
61.211342305113824 
52.0403013095676 
50.01288448885862 
48.48248717207058 
50.783207351862 
53.85569055392393 
45.81016741013647 
51.080759137282676 
42.99140218490532 
56.309401732091146 
47.37314547505364 
53.60399282235306 
50.61266781614548 
47.21720161755019 
51.37465965169501 
45.52441593303741 
55.77669588007976 
50.5104257920056 
43.66913520111565 
43.277496698013834 
52.48225535537389 
52.42782949902484 
52.2335535121094 
53.22163186488925 
56.23047292976735 
57.45011670096303 
42.122662072818414 
50.05684734554018 
46.78893136726978 
52.26217763211539 
51.6099065578979 
50.90911408516688 
54.44080694009927 
52.334202356158954 
45.2586893345672 
56.88260754537368 
52.278609220826 
50.74254421072246 
