-4341.311523
-4341.311523
-2750.973633
-2858.976807
-2650.610352
-2332.925781
-2450.726807
-2499.007812
-2348.004395
-2304.896973
-2980.814697
-3061.861816
-2595.229980
-1361.927856
-2143.544922
-2782.828125
-2561.633301
-2778.470947
-2933.581543
-1135.026367
-1087.320557
-1825.843750
-1836.976562
-1087.330566
-2090.581543
-2248.429688
-2581.457520
-1118.665039
-1087.319824
-1828.999634
-1836.989502
-1556.613770
-1633.217529
-2469.055908
-2954.108398
-3628.627197
-2220.657715
-2141.435547
-2375.614502
-6202.466797
-6188.034180
-6184.267578
-4073.243164
-2156.773926
-2150.164307
-2505.750488
-2844.685547
-2168.887695
-2166.251465
-2542.433594
-2852.213623
-2150.062988
-2150.038574
-2150.039062
-2507.976074
-2150.039551
-2150.039795
-2542.078125
-2851.890137
-2150.064453
-2150.039551
-inf
-inf
-2150.688965
-2150.039062
